350204196612272028
320624196012261028
350204195012243026
350204192901073027
350204193808163030
350204194403133014
350204194611073028
350204193502023043
350204193608253015
350204193910210016
350204193912283016
350204195604062018
350204195310052076
350204193311253049
350203192911181025
350204193609073024
350204194004111029
350204193807073017
305204193611101012
350204194812093017
350204193202103017
350204193911273027
350204193612043010
350204193311073013
350204194605050014
350204194311283015
350204193501213021
350204194310102032
350204194504013011
350204195609083037
350204195411013025
350204195011200032
35020419611101002X
350204195208163095
350204198809283045
350102195404150517
350204195311043016
35020419830129304X
350203196503291020
350204197103313025
350204196501193028
350202194010090014
350202194011040027
350203199102103037
350204193812031057
350204194407234015
35020419450604302x
350203195309232014
350203196002260023
350204195111180040
350204193408120023
320623197907040021
350420195103080083
350204194903243017
350204193709093014
350221197711162511
350203194702260017
379009197309095724
350204194610211011
350202194810060032
350204194311281036
352601194208141013
350204199206062045
350204199410193026
350204195411200031
350204196008134024
350203196610152026
350203198110311018
350204198305192027
440106196401013193
350204196307053013
350203196309082014
350203199007280019
350204196301102013
350211197309210025
350204196512043033
350212198311090019
350204196410032050
350204196103161020
350204196310312071
350203196110280013
350202194802181010
350402198512134020
350624198509260025
350581198906142761
350204198312263022
350204196606084012
350203197110134037
350204198012023019
350203195107113025
350625198110161056
350204195812262014
35062819850327451X
372926197707040023
35020419940305401X
320621197504028738
542623197404170513
350204195412152051
350204196007020025
350204198401073028
350203195205151025
350204196106152023
350203195808100016
350204197605152030
350321197607162218
350204197803093043
620202198410170228
350204196808033010
350203198110201011
350203196306252014
350425197502130018
350203198601042027
430406197709240020
352103195707171014
350204198502113017
350204195210112051
362128196709090510
372928198110021265
350204196410103031
350204195802164023
350204194012263030
350102197601090460

