“好文章”序号：4/14/20/21/23/25/26/44
“好党员”序号：3/17/24/25/44
“好支部”序号：6/7/8/9/43
“好片子”序号：5/6/7/8
“好案例”序号：6/7/8/9/39
“好典型”序号：14/19/23/26/29/32

350204196612272028
320624196012261028
350204195012243026
350204192901073027
350204193808163030
350204194403133014
350204194611073028
350204193502023043
350204193608253015
350204193910210016
350204193912283016
350204195604062018
350204195310052076
350204193311253049
350203192911181025
350204193609073024
350204194004111029
350204193807073017
305204193611101012
350204194812093017
350204193202103017
350204193911273027
350204193612043010
350204193311073013
350204194605050014
350204194311283015
350204193501213021
350204194310102032
350204194504013011
350204195609083037
350204195411013025
350204195011200032
35020419611101002X
350204195208163095
350204198809283045
350102195404150517
350204195311043016
35020419830129304X
350203196503291020
350204197103313025
350204196501193028
350202194010090014
350202194011040027
350203199102103037
350204193812031057